1.5 0.9974949866040544
1.55 0.999783764189357
1.6 0.9995736030415051
1.65 0.9968650284539189
1.7 0.9916648104524686
1.75 0.9839859468739369
1.8 0.9738476308781951
1.85 0.9612752029752999
1.9 0.9463000876874145
1.95 0.9289597150038692
2.0 0.9092974268256817
2.05 0.8873623686333755
2.1 0.8632093666488737
2.15 0.8368987907984978
2.2 0.8084964038195901
2.25 0.7780731968879213
2.3 0.74570521217672
2.35 0.7114733527908443
2.4 0.675463180551151
2.45 0.6377647021345037
2.5 0.5984721441039564
2.55 0.557683717391417
2.6 0.5155013718214642
2.65 0.47203054128988264
2.7 0.4273798802338298
2.75 0.3816609920523317
2.8 0.3349881501559051
2.85 0.2874780123425444
2.9 0.23924932921398243
2.95 0.19042264736102704
3.0 0.1411200080598672
3.05 0.09146464223243718
3.1 0.04158066243329049
3.15 -0.008407247367148618
3.2 -0.058374143427580086
3.25 -0.10819513453010839
3.3 -0.15774569414324865
3.35 -0.20690197167340127
3.4 -0.25554110202683167
3.45 -0.3035415127084292
3.5 -0.35078322768961984
3.55 -0.3971481672859598
3.6 -0.44252044329485246
3.65 -0.48678664865569933
3.7 -0.5298361409084934
3.75 -0.5715613187423437
3.8 -0.6118578909427193
3.85 -0.6506251370651673
3.9 -0.6877661591839738
3.95 -0.7231881240865123
4.0 -0.7568024953079282
4.05 -0.7885252544261958
4.1 -0.8182771110644108
4.15 -0.8459837010754465
4.2 -0.8715757724135881
4.25 -0.8949893582285835
4.3 -0.9161659367494549
4.35 -0.9350525775584491
4.4 -0.9516020738895161
4.45 -0.9657730606206388
4.5 -0.9775301176650971
4.55 -0.9868438585032365
4.6 -0.9936909792357027
4.65 -0.9980544387588794
4.7 -0.9999232575641008
4.75 -0.999292788975378
4.8 -0.9961646088358407
4.85 -0.9905465359667133
4.9 -0.9824526126243325
4.95 -0.9719030694018209
5.0 -0.9589242746631385
5.05 -0.9435486686359065
5.1 -0.9258146823277321
5.15 -0.9057666414687044
5.2 -0.8834546557201531
5.25 -0.8589344934265922
5.3 -0.8322674422239008
5.35 -0.8035201558521553
5.4 -0.7727644875559871
5.45 -0.740077310488895
5.5 -0.7055403255703919
5.55 -0.6692398572762625
5.6 -0.6312666378723208
5.65 -0.5917155806310094
5.7 -0.5506855425976376
5.75 -0.5082790774992587
5.8 -0.4646021794137566
5.85 -0.41976401783985925
5.9 -0.373876664830236
5.95 -0.32705481486974064
6.0 -0.27941549819892586
6.05 -0.23107778829939228
6.1 -0.18216250427209588
6.15 -0.13279190885251674
6.2 -0.0830894028174964
6.25 -0.03317921654755682
6.3 0.016813900484349713
6.35 0.0667649948710935
6.4 0.11654920485049364
6.45 0.16604156372822015
6.5 0.2151189802082353
